0.259183  0.728890  -0.675861  -0.032741  0.104212
0.004403  0.689699  -0.722396  0.008891  0.048779
0.193873  0.721705  -0.675167  -0.113350  0.102194
0.200491  0.710947  -0.686820  -0.119453  0.092540
0.199895  0.622536  -0.745140  -0.192614  0.141830
0.202424  0.577383  -0.797413  -0.149582  0.091580
0.215106  0.622397  -0.716963  -0.073285  0.305312
1.282078  0.146349  -0.989123  -0.006954  0.013047
0.011448  0.159569  -0.986466  0.031885  0.020158
0.105323  0.162777  -0.986520  -0.003149  0.016494
0.247227  0.197789  -0.980070  -0.002181  0.018372
0.153772  0.184787  -0.982415  -0.010346  0.024667
0.200360  0.171892  -0.984854  -0.009166  0.020759
0.201482  0.193667  -0.980845  -0.008649  0.019026
0.198656  0.229497  -0.973223  -0.002962  0.012602
0.200738  0.247790  -0.968792  -0.002345  0.006119
0.196539  0.251865  -0.967471  -0.012837  0.019979
0.202034  0.262799  -0.964817  -0.006245  0.005153
0.199266  0.255408  -0.966725  -0.008051  0.011998
0.200924  0.229621  -0.973017  -0.011602  0.019420
0.200935  0.217394  -0.975972  -0.008061  0.012378
0.198903  0.218025  -0.975633  -0.009174  0.022819
0.197775  0.234552  -0.972085  -0.005709  -0.001921
0.197878  0.235931  -0.971757  -0.001424  0.004857
0.202711  0.263609  -0.964416  -0.005561  0.019532
0.195271  0.251713  -0.967603  -0.016349  0.010855
0.206340  0.248080  -0.968479  -0.012425  0.018711
0.197241  0.274197  -0.961494  -0.007490  0.017033
0.202666  0.290806  -0.956699  -0.009898  0.007790
0.200429  0.296803  -0.954859  -0.009236  0.008149
0.197907  0.308833  -0.950922  -0.015159  0.011813
0.199278  0.308358  -0.951219  -0.008023  0.005714
0.197264  0.294035  -0.955537  -0.013010  0.018005
0.215095  0.305949  -0.951714  -0.019115  0.016432
0.194831  0.334076  -0.942493  -0.006261  0.007851
0.194409  0.355888  -0.934216  -0.015999  0.018142
0.205122  0.358979  -0.933185  -0.013102  0.011301
0.208727  0.369679  -0.928465  -0.027532  0.023046
0.185614  0.369364  -0.928714  -0.019935  0.025764
0.200855  0.389684  -0.920835  -0.014461  0.000711
0.199630  0.403896  -0.914630  -0.014035  0.011080
0.198584  0.422379  -0.906299  -0.012568  0.007787
0.198173  0.450763  -0.892344  -0.015484  0.017166
0.199748  0.444795  -0.895122  -0.020522  0.022187
0.201138  0.434595  -0.900418  -0.016531  0.010121
0.200510  0.434361  -0.900295  -0.022913  0.016541
0.201965  0.450205  -0.892732  -0.015761  0.009851
0.191370  0.482148  -0.875977  -0.011633  0.007841
0.209744  0.447012  -0.894335  -0.015136  0.010782
0.200093  0.460599  -0.887399  -0.014984  0.012132
0.198275  0.476577  -0.879021  -0.013898  0.001824
0.201586  0.466827  -0.883735  -0.024951  0.021481
0.200938  0.495898  -0.868090  -0.020997  0.008038
0.196117  0.498495  -0.866697  -0.018438  -0.000297
0.202753  0.519027  -0.854386  -0.022086  0.012120
0.200333  0.515721  -0.856664  -0.011641  0.004914
0.195840  0.522263  -0.852562  -0.013057  0.014433
0.208084  0.523699  -0.851703  -0.016045  0.009158
0.190958  0.538697  -0.842348  -0.012287  0.010229
0.200071  0.584402  -0.811243  -0.014146  0.012649
0.200173  0.609005  -0.792634  -0.025552  0.013841
0.198819  0.615330  -0.787808  -0.017785  0.020268
0.196708  0.628714  -0.775298  0.045472  0.039564
0.206623  0.623162  -0.781888  -0.013250  0.011988
0.196573  0.606674  -0.794574  -0.019885  0.014270
0.206766  0.603905  -0.796855  -0.014870  0.009993
0.200941  0.598137  -0.800888  -0.023714  0.015737
0.201414  0.582488  -0.811853  -0.029462  0.027108
0.200682  0.602326  -0.797743  -0.022850  0.016962
0.199260  0.609305  -0.792736  -0.016372  0.007026
0.197951  0.634134  -0.772581  -0.024439  0.019858
0.189191  0.625326  -0.778599  0.023760  0.046767
0.211035  0.625543  -0.779872  -0.018866  0.011808
0.202325  0.636565  -0.770888  -0.022202  0.004803
0.197023  0.636101  -0.770747  -0.031472  0.018274
0.201213  0.651992  -0.757548  -0.029155  0.013340
0.188828  0.651431  -0.758322  0.001902  0.024132
0.209373  0.671429  -0.740860  -0.014919  0.009397
0.199732  0.671620  -0.740394  -0.021910  0.016234
0.191388  0.688930  -0.724458  0.011358  0.020183
0.213187  0.678601  -0.734263  -0.018399  0.004435
0.186275  0.686931  -0.725289  0.009626  0.044594
0.205821  0.688836  -0.724381  -0.024137  0.013931
0.202327  0.690803  -0.722257  -0.030141  0.015062
0.199098  0.702536  -0.711036  -0.027038  0.011817
0.204362  0.702189  -0.711434  -0.024771  0.013393
0.191997  0.712790  -0.700550  -0.030885  0.014359
0.212415  0.731755  -0.681080  -0.022410  0.012763
0.192671  0.729165  -0.683600  -0.029680  0.011313
0.194668  0.739424  -0.673014  -0.016884  0.004406
0.214232  0.733096  -0.679232  -0.031472  0.014962
0.186056  0.742987  -0.668933  -0.020918  0.007861
0.207260  0.745578  -0.665813  -0.026674  0.009776
0.202492  0.754096  -0.655956  -0.029306  0.014207
0.197488  0.765199  -0.643386  -0.018937  0.012933
0.196797  0.772968  -0.633797  -0.025862  0.012348
0.202546  0.773757  -0.632926  -0.023893  0.011540
0.197746  0.774137  -0.632399  -0.025382  0.011740
0.195068  0.792424  -0.609598  -0.019219  0.009281
0.206293  0.775960  -0.630036  -0.027401  0.013795
0.196661  0.790666  -0.611817  -0.021524  0.008015
0.197618  0.806534  -0.590450  -0.028437  0.007942
0.199152  0.821274  -0.570133  -0.019610  0.008481
0.199017  0.818888  -0.573222  -0.025755  0.013258
0.207461  0.814357  -0.579760  -0.025255  0.007931
0.199878  0.818203  -0.573848  -0.033617  0.010586
0.199356  0.821712  -0.568600  -0.036369  0.012692
0.201345  0.830696  -0.554744  -0.043217  0.018303
0.201941  0.825699  -0.562399  -0.041947  0.013008
0.199793  0.836850  -0.546503  -0.030150  0.010374
0.199951  0.841442  -0.538929  -0.037843  0.009939
0.198003  0.848849  -0.527433  -0.034650  0.008308
0.197741  0.851952  -0.522654  -0.030830  0.007710
0.204760  0.860636  -0.508388  -0.028285  0.006861
0.199475  0.862634  -0.505152  -0.025689  0.004829
0.201531  0.867110  -0.496519  -0.038859  0.008876
0.200032  0.875113  -0.479286  -0.064927  0.015714
0.188506  0.881525  -0.469987  -0.042752  0.014096
0.205868  0.876965  -0.479875  -0.024341  0.007716
0.193864  0.882428  -0.469605  -0.027751  0.004635
0.204402  0.888783  -0.457364  -0.028124  0.009575
0.202075  0.889754  -0.455724  -0.024243  0.008096
0.195054  0.885228  -0.464663  -0.019762  0.008305
0.208570  0.903570  -0.427323  -0.030249  0.006419
0.193807  0.898680  -0.438068  -0.021040  0.005257
0.195707  0.907943  -0.418801  -0.015667  0.000110
0.206765  0.912521  -0.408445  -0.021773  0.002127
0.200694  0.910273  -0.412384  -0.036000  0.006744
0.202454  0.918319  -0.395524  -0.015764  -0.001318
0.195438  0.923438  -0.382752  -0.026744  0.006939
0.204765  0.927595  -0.372872  -0.022700  0.004399
0.201464  0.918051  -0.395283  -0.030445  0.002624
0.198834  0.920221  -0.390128  -0.031083  0.005238
0.200189  0.930071  -0.365530  -0.036817  0.000757
0.195102  0.932810  -0.358872  -0.032750  0.001940
0.202726  0.937680  -0.346231  -0.029604  0.001854
0.196515  0.942853  -0.332443  -0.022567  -0.000048
0.203131  0.944611  -0.326953  -0.028485  0.000039
0.197829  0.953543  -0.298718  -0.038935  0.002501
0.203867  0.952514  -0.303863  -0.019620  -0.000564
0.194327  0.950370  -0.308899  -0.036884  0.004132
0.198801  0.953276  -0.298273  -0.047815  0.003579
0.199576  0.958091  -0.284278  -0.035317  -0.000360
0.206827  0.964421  -0.261713  -0.037375  -0.001455
0.195544  0.968922  -0.245890  -0.026962  0.001336
0.206652  0.970102  -0.240999  -0.028367  0.004037
0.200253  0.969143  -0.243752  -0.036659  -0.001613
0.199616  0.972898  -0.229370  -0.029092  -0.003447
0.194333  0.973672  -0.226253  -0.027309  -0.005144
0.203366  0.978465  -0.204795  -0.025733  0.001446
0.199328  0.978428  -0.204399  -0.029621  -0.004699
0.203511  0.982732  -0.183452  -0.023777  -0.004117
0.193217  0.980993  -0.190545  -0.036645  0.001767
0.209017  0.983073  -0.179995  -0.034181  -0.001381
0.191927  0.984089  -0.174603  -0.032613  -0.004275
0.200440  0.984928  -0.169344  -0.035212  -0.000395
0.202736  0.985739  -0.164396  -0.035804  -0.003115
0.205521  0.991347  -0.126771  -0.033628  -0.005461
0.198337  0.992891  -0.113816  -0.034531  -0.004507
0.192332  0.993328  -0.110166  -0.032925  -0.008838
0.204377  0.994196  -0.101944  -0.034127  -0.004065
0.199631  0.994661  -0.095356  -0.038829  -0.007049
0.202489  0.997243  -0.068248  -0.028551  -0.005877
0.200034  0.997195  -0.065063  -0.036296  -0.007139
0.194006  0.996726  -0.070151  -0.040202  -0.000333
0.205893  0.997809  -0.054152  -0.036902  -0.009058
0.195386  0.998413  -0.044998  -0.032300  -0.010160
0.200733  0.998897  -0.036526  -0.028510  -0.007666
0.202858  0.999636  -0.006189  -0.025798  -0.004822
0.201560  0.999677  -0.001136  -0.025295  -0.002128
0.195596  0.999488  0.005856  -0.031333  -0.002689
0.206817  0.999434  0.020564  -0.025810  -0.006530
0.198085  0.999581  0.021865  -0.018206  -0.005367
0.200126  0.998500  0.046045  -0.028653  -0.007472
0.201174  0.998532  0.043817  -0.030495  -0.009130
0.198512  0.997535  0.062038  -0.032065  -0.006938
0.196376  0.996378  0.079348  -0.029743  -0.007052
0.204061  0.996230  0.082794  -0.025074  -0.006534
0.201059  0.994469  0.096574  -0.040676  -0.007106
0.195752  0.994034  0.103876  -0.032036  -0.008897
0.200633  0.994958  0.091722  -0.039759  -0.008103
0.205549  0.994560  0.100178  -0.027674  -0.006999
0.196300  0.994289  0.101590  -0.030764  -0.011044
0.201682  0.991100  0.128880  -0.031589  -0.010605
0.193021  0.990754  0.132001  -0.029474  -0.010651
0.200304  0.987357  0.155765  -0.028025  -0.008884
0.198203  0.987470  0.156688  -0.017833  -0.005856
0.205079  0.983378  0.180412  -0.019433  -0.006493
0.201661  0.985766  0.165384  -0.028931  -0.008747
0.201302  0.983226  0.179942  -0.027104  -0.012337
0.198294  0.981407  0.189809  -0.027009  -0.009125
0.193585  0.978549  0.204168  -0.025955  -0.009162
0.200961  0.972925  0.229835  -0.024221  -0.002326
0.203936  0.970863  0.237522  -0.031395  -0.004754
0.197049  0.968019  0.249782  -0.021503  -0.009243
0.204764  0.967844  0.248849  -0.035370  -0.010062
0.195648  0.964721  0.262123  -0.023496  -0.007345
0.200932  0.966128  0.254640  -0.040654  -0.010144
0.197765  0.960946  0.274461  -0.034102  -0.009505
0.202513  0.963677  0.263891  -0.038498  -0.014394
0.204349  0.958296  0.284315  -0.027428  -0.009049
0.194994  0.955912  0.291774  -0.030302  -0.013493
0.199142  0.956563  0.290181  -0.026260  -0.009602
0.201635  0.953211  0.300816  -0.028154  -0.010304
0.199462  0.948143  0.314762  -0.042325  -0.012594
0.206919  0.947747  0.317606  -0.027858  -0.011245
0.200361  0.940468  0.338146  -0.031102  -0.014478
0.195964  0.933542  0.357100  -0.028132  -0.013685
0.206672  0.930416  0.364560  -0.035398  -0.013021
0.191355  0.931150  0.363342  -0.028243  -0.011995
0.201029  0.926708  0.374515  -0.027467  -0.013983
0.197235  0.922322  0.384903  -0.031063  -0.014381
0.204460  0.925380  0.376311  -0.041807  -0.017711
0.206922  0.919630  0.390823  -0.036712  -0.013799
0.197980  0.923134  0.382079  -0.038086  -0.019709
0.199955  0.922804  0.383082  -0.036472  -0.018719
0.201840  0.920945  0.387463  -0.033800  -0.024309
0.190589  0.919719  0.391444  -0.024871  -0.016428
0.198134  0.910038  0.412963  -0.028587  -0.021780
0.201473  0.901680  0.430890  -0.028390  -0.022378
0.198234  0.901182  0.431781  -0.030953  -0.021849
0.203961  0.895001  0.445217  -0.020867  -0.017873
0.199237  0.884513  0.465485  -0.024153  -0.019419
0.199479  0.879959  0.474334  -0.021197  -0.015219
0.199733  0.867695  0.496320  -0.025880  -0.010131
0.195452  0.866856  0.497899  -0.020460  -0.015425
0.204217  0.869690  0.492791  -0.022178  -0.017457
0.200613  0.863208  0.504194  -0.020472  -0.015523
0.199990  0.858772  0.511760  -0.019217  -0.015598
0.206588  0.860438  0.508419  -0.024817  -0.023262
0.194677  0.843927  0.535846  -0.020721  -0.015086
0.197719  0.850919  0.524353  -0.023502  -0.020937
0.199370  0.839596  0.542175  -0.026819  -0.020130
0.208378  0.843410  0.536382  -0.020574  -0.023019
0.196974  0.836961  0.546336  -0.022654  -0.022374
0.195774  0.820875  0.570198  -0.020393  -0.024934
0.200322  0.821601  0.569600  -0.015315  -0.017118
0.203730  0.806759  0.590358  -0.018943  -0.016073
0.198792  0.803471  0.594691  -0.019818  -0.019616
0.196718  0.798823  0.601231  -0.015562  -0.012697
0.204252  0.799496  0.600006  -0.019893  -0.020070
0.197033  0.789374  0.613220  -0.022517  -0.018525
0.200084  0.774926  0.631126  -0.022379  -0.025864
0.205410  0.766439  0.641661  -0.019939  -0.021113
0.195830  0.768018  0.640017  -0.015061  -0.017327
0.202575  0.764174  0.644392  -0.018656  -0.021207
0.203427  0.760072  0.649522  -0.012362  -0.016080
0.200799  0.752136  0.658858  -0.010219  -0.009684
0.182353  0.775472  0.629168  -0.052206  0.008014
0.213285  0.746738  0.664738  -0.013407  -0.018063
0.195607  0.744729  0.666883  -0.014459  -0.020903
0.199304  0.731065  0.681887  -0.016506  -0.017387
0.204813  0.714254  0.699575  -0.012692  -0.016609
0.203747  0.711943  0.702066  -0.010114  -0.011789
0.194629  0.707151  0.706859  -0.011649  -0.012331
0.209884  0.696124  0.717603  -0.015396  -0.014854
0.198668  0.688144  0.725301  -0.014117  -0.014024
0.199702  0.664099  0.747434  -0.013258  -0.011754
0.194226  0.670038  0.741899  -0.017577  -0.018065
0.198016  0.668408  0.743744  -0.008223  -0.002830
0.196052  0.656950  0.753757  -0.011470  -0.011630
0.205427  0.636166  0.771408  -0.011199  -0.009869
0.200518  0.646009  0.763135  -0.012590  -0.011787
0.200789  0.649623  0.760017  -0.009943  -0.016271
0.200593  0.647791  0.761592  -0.011076  -0.014898
0.201756  0.629236  0.776535  -0.018326  -0.026839
0.200412  0.612005  0.790688  -0.009902  -0.012812
0.200206  0.600075  0.799650  -0.013797  -0.016684
0.192897  0.594078  0.804317  -0.007274  -0.009652
0.202690  0.585713  0.810329  -0.011508  -0.013210
0.203413  0.580916  0.813833  -0.009451  -0.011100
0.196398  0.567392  0.823264  -0.010656  -0.013779
0.203492  0.570158  0.821151  -0.014794  -0.020295
0.203549  0.569773  0.821555  -0.013243  -0.015213
0.196998  0.577439  0.816097  -0.014543  -0.018361
0.201551  0.591677  0.805855  -0.014313  -0.017647
0.200194  0.583568  0.811811  -0.013189  -0.015385
0.200270  0.563862  0.825669  -0.014935  -0.010393
0.201060  0.546468  0.837291  -0.015088  -0.009411
0.194669  0.520009  0.854042  -0.014038  -0.002261
0.200572  0.510655  0.859348  -0.017904  -0.020803
0.196519  0.493347  0.869696  -0.015170  -0.002953
0.204771  0.493611  0.869499  -0.011921  -0.013335
0.201335  0.494369  0.869155  -0.011993  -0.004993
0.196312  0.476507  0.878997  -0.015087  -0.008781
0.221926  0.495391  0.868429  -0.011693  -0.016805
0.178355  0.489454  0.871749  -0.014403  -0.016781
0.203930  0.495815  0.868213  -0.012471  -0.014769
0.195783  0.491630  0.870556  -0.012575  -0.016525
0.206683  0.475074  0.879723  -0.015635  -0.012136
0.199879  0.457797  0.888786  -0.015871  -0.015122
0.196913  0.443178  0.896207  -0.014905  -0.013544
0.199904  0.431155  0.902106  -0.014847  -0.009529
0.199733  0.424407  0.905266  -0.013076  -0.014159
0.197112  0.419705  0.907581  -0.011114  -0.004468
0.202164  0.411150  0.911381  -0.014377  -0.011560
0.199832  0.392072  0.919742  -0.017030  -0.008051
0.202608  0.380754  0.924446  -0.018227  -0.009663
0.194828  0.383000  0.923511  -0.016992  -0.012241
0.203928  0.356016  0.934293  -0.017522  -0.006545
0.195856  0.350418  0.936438  -0.015990  -0.006015
0.203915  0.352761  0.935545  -0.014488  -0.010282
0.203781  0.361947  0.931993  -0.016851  -0.009999
0.197662  0.343769  0.938893  -0.014277  -0.009982
0.198246  0.327031  0.944819  -0.014697  -0.012350
0.202378  0.326722  0.944908  -0.014127  -0.014235
0.197944  0.308476  0.951067  -0.015404  -0.008821
0.204652  0.305070  0.952224  -0.014093  -0.001880
0.198007  0.302378  0.953066  -0.012228  -0.009122
0.196721  0.286761  0.957894  -0.012660  -0.006834
0.204095  0.277746  0.960543  -0.011720  -0.008780
0.199299  0.266880  0.963661  -0.011368  -0.001636
0.200980  0.263467  0.964536  -0.014387  -0.006924
0.201827  0.261669  0.965006  -0.012646  -0.011537
0.196737  0.242648  0.969993  -0.013666  -0.006987
0.196682  0.239111  0.970868  -0.009783  -0.012099
0.203462  0.217296  0.975989  -0.013471  -0.006816
0.202749  0.199428  0.979783  -0.014216  -0.007116
0.196346  0.201076  0.979460  -0.009260  -0.011880
0.200744  0.187470  0.982093  -0.015297  -0.010684
0.203881  0.178710  0.983786  -0.013510  -0.006766
0.201094  0.174022  0.984581  -0.015952  -0.007922
0.200945  0.176635  0.984148  -0.012828  -0.009386
0.195523  0.165811  0.985973  -0.014123  -0.012856
0.202880  0.156632  0.987478  -0.010498  -0.015595
0.204525  0.139288  0.990095  -0.012632  -0.012300
0.194686  0.133554  0.990901  -0.015263  -0.006821
0.204953  0.127000  0.991723  -0.014539  -0.012034
0.197303  0.126921  0.991704  -0.014229  -0.014549
0.202669  0.119662  0.992648  -0.012859  -0.012872
0.199467  0.116672  0.993072  -0.009804  -0.010006
0.203531  0.113767  0.993381  -0.008143  -0.013568
0.196346  0.105537  0.994279  -0.008477  -0.014122
0.201212  0.100129  0.994799  -0.009229  -0.016234
0.198428  0.085817  0.996198  -0.010191  -0.011013
0.203502  0.085545  0.996151  -0.007557  -0.017576
0.199512  0.077134  0.996873  -0.010125  -0.013889
0.201295  0.072465  0.997157  -0.007968  -0.019055
0.195287  0.054331  0.998315  -0.006724  -0.019215
0.198937  0.056064  0.998254  -0.008378  -0.016595
0.200130  0.062438  0.997837  -0.007919  -0.018976
0.203292  0.060479  0.997993  -0.008553  -0.016710
0.196456  0.053666  0.998346  -0.007118  -0.019372
0.205624  0.052701  0.998436  -0.003150  -0.018389
0.196750  0.036341  0.999184  -0.006346  -0.016454
0.205799  0.026519  0.999516  -0.006322  -0.014963
0.196890  0.007774  0.999841  -0.008241  -0.013781
0.199704  0.006985  -0.999852  0.007950  0.013586
0.197961  0.017806  -0.999736  0.008549  0.011763
0.201388  0.018248  -0.999705  0.008128  0.013847
0.207801  0.030701  -0.999315  0.005542  0.019917
0.196109  0.028103  -0.999456  0.006345  0.016052
0.195975  0.034864  -0.999272  0.006938  0.013889
0.209642  0.050829  -0.998567  0.003925  0.016266
0.187872  0.068708  -0.997457  0.005811  0.018013
0.205026  0.066210  -0.997609  0.004364  0.019345
0.192676  0.081409  -0.996511  0.005309  0.017597
0.205920  0.081315  -0.996581  0.006221  0.013229
0.197070  0.088589  -0.995967  0.002577  0.013972
0.217127  0.091660  -0.995628  0.004868  0.017323
0.186776  0.095563  -0.995302  0.002627  0.015353
0.205356  0.101949  -0.994584  0.003545  0.019918
0.194100  0.113619  -0.993398  0.004643  0.015148
0.200219  0.130447  -0.991341  0.003647  0.014620
0.197307  0.133761  -0.990876  0.004254  0.015941
0.202223  0.143728  -0.989421  0.002191  0.019557
0.207558  0.146325  -0.989023  0.003157  0.020307
0.193851  0.147905  -0.988813  0.000831  0.019299
0.204554  0.147202  -0.988967  0.000744  0.016587
0.203559  0.162593  -0.986529  -0.000276  0.018004
0.198238  0.173506  -0.984666  0.001151  0.018095
0.196151  0.176331  -0.984174  0.001593  0.017496
0.199104  0.185415  -0.982492  0.000433  0.018188
0.202754  0.192903  -0.981102  0.002804  0.014811
0.206748  0.190770  -0.981517  0.000142  0.015184
0.195808  0.194700  -0.980710  -0.001294  0.017294
0.200779  0.195352  -0.980525  -0.001006  0.020206
0.201210  0.206121  -0.978392  -0.001634  0.016118
0.198461  0.228891  -0.973304  -0.001469  0.016916
0.198299  0.239105  -0.970858  -0.000351  0.016233
0.199044  0.259177  -0.965728  -0.000038  0.014037
0.199059  0.252798  -0.967427  -0.001776  0.013204
0.202523  0.251439  -0.967787  -0.001298  0.012868
0.201318  0.246076  -0.969093  -0.004496  0.016872
0.211657  0.253058  -0.967292  -0.003391  0.017220
0.187711  0.270196  -0.962618  -0.003894  0.018582
0.203078  0.274835  -0.961309  -0.006347  0.017646
0.199600  0.283422  -0.958869  -0.003428  0.015207
0.195377  0.298946  -0.954157  -0.003423  0.014311
0.201587  0.315815  -0.948741  -0.003135  0.011899
0.208678  0.305210  -0.952024  -0.006605  0.021312
0.197487  0.312000  -0.949921  -0.005661  0.016570
0.203465  0.325631  -0.945254  -0.008206  0.019818
0.196358  0.341067  -0.939939  -0.004813  0.012797
0.198895  0.359209  -0.933058  -0.005866  0.018377
0.199179  0.366756  -0.930159  -0.005867  0.016095
0.197196  0.374537  -0.927100  -0.003026  0.014111
0.207266  0.386270  -0.922279  -0.004052  0.013447
0.202064  0.390838  -0.920280  -0.006801  0.016834
0.200928  0.394923  -0.918559  -0.007767  0.014991
0.199781  0.398705  -0.917008  -0.003979  0.010682
0.194360  0.415407  -0.909566  -0.004645  0.010253
0.201501  0.425686  -0.904760  -0.005818  0.012913
0.199787  0.437396  -0.899149  -0.005870  0.013439
0.202701  0.448670  -0.893535  -0.006775  0.015619
0.200158  0.457810  -0.888961  -0.004888  0.011616
0.200291  0.457431  -0.889081  -0.008057  0.015044
0.201019  0.452616  -0.891575  -0.008420  0.012744
0.205984  0.462200  -0.886566  -0.011155  0.015744
0.202509  0.470067  -0.882522  -0.008211  0.011168
0.194233  0.481418  -0.876393  -0.008064  0.010349
0.199498  0.500620  -0.865569  -0.006843  0.011061
0.196057  0.511892  -0.858911  -0.008781  0.012695
0.204296  0.518396  -0.855043  -0.007556  0.010525
0.198750  0.520169  -0.853920  -0.010683  0.011472
0.206537  0.523685  -0.851757  -0.012084  0.010829
0.199670  0.528762  -0.848597  -0.011535  0.012679
0.196577  0.545671  -0.837864  -0.010313  0.011021
0.202808  0.555417  -0.831429  -0.010339  0.011419
0.197884  0.567025  -0.823557  -0.010889  0.010909
0.198976  0.572812  -0.819581  -0.009644  0.008962
0.198375  0.585340  -0.810682  -0.008270  0.010206
0.207885  0.584472  -0.811239  -0.012151  0.011636
0.201525  0.582094  -0.812950  -0.012317  0.011289
0.200035  0.597157  -0.802008  -0.011144  0.007916
0.200495  0.607814  -0.793876  -0.013507  0.011851
0.199563  0.622024  -0.782850  -0.012267  0.009021
0.199420  0.632088  -0.774785  -0.010215  0.008312
0.196597  0.639331  -0.768849  -0.007588  0.008366
0.195834  0.646962  -0.762376  -0.011093  0.009967
0.207882  0.648977  -0.760645  -0.012497  0.009602
0.200115  0.650361  -0.759497  -0.012735  0.005702
0.202904  0.651721  -0.758356  -0.010642  0.006540
0.199306  0.666188  -0.745629  -0.012904  0.008069
0.201728  0.677293  -0.735502  -0.013544  0.011339
0.205497  0.680474  -0.732643  -0.011664  0.007336
0.188615  0.685954  -0.727530  -0.010672  0.007338
0.215964  0.683364  -0.729909  -0.013455  0.008040
0.193789  0.696262  -0.717660  -0.012308  0.005582
0.193795  0.699180  -0.714830  -0.012004  0.004689
0.208060  0.702504  -0.711543  -0.012664  0.005922
0.197112  0.707747  -0.706318  -0.013683  0.004649
0.194713  0.713234  -0.700761  -0.013894  0.006112
0.212393  0.716856  -0.697006  -0.016384  0.005572
0.198061  0.722604  -0.691165  -0.010895  0.003834
0.201018  0.731987  -0.681086  -0.016269  0.007143
0.193311  0.739809  -0.672635  -0.014495  0.005901
0.198837  0.748424  -0.663078  -0.012805  0.004923
0.201157  0.755170  -0.655432  -0.010565  0.004068
0.203918  0.755900  -0.654558  -0.011841  0.005425
0.197053  0.767925  -0.640363  -0.014514  0.004040
0.196582  0.775446  -0.631256  -0.013449  0.004211
0.200492  0.779155  -0.626636  -0.014535  0.005722
0.200063  0.783583  -0.621067  -0.015876  0.004728
0.198995  0.787791  -0.615730  -0.015127  0.005759
0.209114  0.792048  -0.610222  -0.015979  0.005829
0.192053  0.798867  -0.601303  -0.014896  0.004922
0.204598  0.802118  -0.597049  -0.011139  0.003828
0.198478  0.805880  -0.591851  -0.016010  0.003725
0.196701  0.806736  -0.590737  -0.013958  0.003363
0.207143  0.819760  -0.572396  -0.017936  0.005862
0.202697  0.824087  -0.566300  -0.013256  0.002955
0.196899  0.827825  -0.560755  -0.015510  0.004268
0.194818  0.832950  -0.553120  -0.015770  0.002073
0.195548  0.838670  -0.544391  -0.015854  0.004417
0.212780  0.840041  -0.542219  -0.017970  0.002652
0.187899  0.848090  -0.529554  -0.017354  0.003806
0.205038  0.853250  -0.521258  -0.015476  0.003800
0.204001  0.855485  -0.517543  -0.016638  0.004174
0.197508  0.856804  -0.515421  -0.014864  0.002754
0.199414  0.861871  -0.506906  -0.014914  0.001609
0.197547  0.866224  -0.499402  -0.015935  -0.000097
0.201614  0.866318  -0.499191  -0.017204  0.002332
0.206513  0.873000  -0.487349  -0.018840  0.002742
0.187910  0.875513  -0.482965  -0.014890  -0.000176
0.206893  0.881771  -0.471372  -0.016878  0.001540
0.194338  0.884391  -0.466476  -0.015892  0.000613
0.201764  0.889264  -0.457090  -0.016656  0.000187
0.196807  0.889402  -0.456839  -0.016231  -0.000064
0.209225  0.894038  -0.447571  -0.019349  -0.001129
0.200574  0.903156  -0.428927  -0.018181  0.000352
0.192401  0.905849  -0.423295  -0.016095  -0.000051
0.196547  0.906721  -0.421340  -0.018141  0.000523
0.210116  0.916337  -0.400029  -0.017396  -0.000265
0.197913  0.917458  -0.397476  -0.016836  -0.000466
0.201670  0.920914  -0.389342  -0.018142  -0.000469
0.191897  0.926780  -0.375249  -0.016323  0.000629
0.197042  0.929961  -0.367271  -0.016812  -0.001442
0.208563  0.932895  -0.359637  -0.019115  0.001646
0.197672  0.936614  -0.349917  -0.017647  -0.000678
0.201171  0.939798  -0.341248  -0.018087  -0.001747
0.194655  0.941559  -0.336473  -0.015663  -0.002757
0.201433  0.943011  -0.332513  -0.012730  -0.002075
0.200017  0.945539  -0.325036  -0.017548  -0.000782
0.202299  0.948664  -0.315874  -0.015974  -0.002095
0.199153  0.952858  -0.302949  -0.016827  0.000318
0.196688  0.956488  -0.291273  -0.017026  -0.001317
0.200016  0.958903  -0.283161  -0.018021  -0.000576
0.202074  0.960784  -0.276636  -0.019001  -0.002244
0.208157  0.962015  -0.272132  -0.021572  -0.002327
0.200819  0.962070  -0.271741  -0.023654  -0.004336
0.202173  0.964802  -0.261673  -0.025983  -0.002993
0.201108  0.967030  -0.253563  -0.023263  -0.004203
0.200010  0.969720  -0.243271  -0.021292  -0.002855
0.192922  0.973918  -0.226159  -0.018259  -0.001656
0.205636  0.978139  -0.206995  -0.019748  -0.002534
0.197809  0.980859  -0.193558  -0.020872  -0.003890
0.196479  0.982913  -0.182844  -0.021112  -0.002182
0.208275  0.982771  -0.183791  -0.019280  -0.003238
0.208433  0.984258  -0.175586  -0.020019  -0.002354
0.191057  0.985857  -0.166759  -0.016560  -0.001944
0.195786  0.989152  -0.145748  -0.018142  -0.002552
0.196970  0.991022  -0.132194  -0.020019  0.000099
0.208459  0.991598  -0.127823  -0.019774  -0.002132
0.198424  0.992808  -0.118480  -0.016947  -0.002622
0.203858  0.993376  -0.113199  -0.019459  -0.003456
0.202700  0.994095  -0.106525  -0.020159  -0.004505
0.206684  0.994996  -0.098133  -0.018174  -0.004764
0.197834  0.996299  -0.083850  -0.018900  -0.000915
0.197986  0.997195  -0.072673  -0.017358  -0.004452
0.201236  0.997670  -0.065176  -0.019959  -0.003032
0.201205  0.998154  -0.057687  -0.018499  -0.004427
0.200069  0.998376  -0.053427  -0.019392  -0.003990
0.205935  0.998828  -0.043964  -0.019822  -0.004230
0.202309  0.999262  -0.032930  -0.019593  -0.002749
0.196383  0.999597  -0.022137  -0.017378  -0.003857
0.198065  0.999802  -0.006579  -0.018304  -0.004304
0.200561  0.999805  0.005959  -0.018522  -0.003405
0.198113  0.999677  0.016483  -0.018835  -0.004321
0.204025  0.999667  0.019170  -0.016692  -0.004398
0.201986  0.999496  0.027195  -0.015235  -0.005954
0.204990  0.999346  0.031856  -0.015997  -0.006129
0.194060  0.998700  0.046681  -0.019151  -0.007185
0.208096  0.998025  0.060314  -0.016604  -0.005683
0.196561  0.996994  0.075331  -0.017059  -0.006122
0.198918  0.996670  0.079645  -0.016509  -0.005812
0.200321  0.995954  0.088206  -0.016277  -0.005513
0.202869  0.994434  0.103870  -0.016436  -0.006551
0.199335  0.993523  0.112622  -0.014229  -0.005035
0.199089  0.991907  0.126301  -0.012030  -0.004854
0.208064  0.990908  0.133681  -0.014437  -0.004680
0.201418  0.989243  0.145392  -0.014764  -0.006440
0.200262  0.986941  0.160283  -0.014696  -0.006455
0.198767  0.986185  0.164860  -0.014769  -0.006507
0.199033  0.985136  0.170812  -0.016640  -0.007311
0.208303  0.983642  0.179560  -0.013361  -0.005316
0.194073  0.981819  0.189230  -0.013893  -0.005448
0.198964  0.980775  0.194482  -0.014148  -0.007508
0.205961  0.978845  0.203897  -0.014949  -0.008035
0.200441  0.976622  0.214344  -0.013527  -0.009144
0.200096  0.974778  0.222435  -0.015133  -0.010037
0.200959  0.973237  0.229079  -0.014636  -0.010898
0.200620  0.970234  0.241422  -0.016041  -0.010178
0.204704  0.969930  0.242611  -0.016376  -0.010347
0.200828  0.967248  0.253024  -0.017576  -0.010031
0.204751  0.964778  0.262300  -0.016949  -0.010672
0.193916  0.961554  0.273944  -0.016266  -0.010213
0.201903  0.959509  0.281080  -0.015275  -0.010116
0.203122  0.955006  0.296095  -0.014840  -0.008450
0.202124  0.951120  0.308178  -0.017254  -0.009928
0.199968  0.949453  0.313443  -0.014257  -0.009477
0.199737  0.946441  0.322443  -0.014232  -0.008773
0.202303  0.942352  0.334159  -0.015720  -0.007910
0.196125  0.940499  0.339221  -0.016242  -0.011287
0.200098  0.935126  0.353772  -0.017335  -0.009227
0.213449  0.934562  0.355367  -0.014278  -0.010222
0.197342  0.933515  0.358139  -0.014347  -0.008986
0.203448  0.927714  0.372823  -0.016127  -0.009471
0.202994  0.923060  0.384290  -0.013864  -0.009404
0.207955  0.920367  0.390670  -0.013345  -0.011149
0.195272  0.915686  0.401484  -0.015130  -0.010036
0.206185  0.913566  0.406052  -0.018121  -0.013788
0.198654  0.909500  0.415205  -0.015291  -0.013439
0.206386  0.906059  0.422675  -0.014858  -0.013484
0.197786  0.903093  0.429123  -0.012449  -0.011050
0.202281  0.900210  0.435097  -0.013488  -0.011411
0.206003  0.894849  0.445951  -0.014442  -0.012834
0.198984  0.891625  0.452335  -0.015296  -0.012805
0.201532  0.885872  0.463595  -0.013407  -0.011469
0.210613  0.882826  0.469234  -0.015882  -0.013618
0.206525  0.877756  0.478808  -0.013789  -0.009884
0.196002  0.876363  0.481253  -0.014984  -0.012623
0.206155  0.869813  0.493056  -0.014440  -0.010667
0.193779  0.861554  0.507349  -0.014029  -0.011223
0.211567  0.857023  0.514841  -0.017774  -0.011587
0.193307  0.851347  0.524121  -0.019170  -0.011799
0.211692  0.847603  0.530175  -0.018107  -0.012484
0.195462  0.842888  0.537698  -0.017739  -0.010255
0.195497  0.839609  0.542872  -0.015222  -0.010732
0.203303  0.833751  0.551790  -0.016766  -0.010327
0.216995  0.828349  0.559890  -0.015809  -0.010571
0.197477  0.824614  0.565319  -0.017527  -0.010883
0.203858  0.820610  0.571156  -0.016249  -0.010779
0.192458  0.813118  0.581829  -0.015552  -0.008496
0.192248  0.805519  0.592322  -0.015209  -0.007883
0.229049  0.800251  0.599246  -0.019826  -0.010473
0.184060  0.795437  0.605748  -0.016253  -0.009238
0.215851  0.787995  0.615425  -0.016071  -0.007653
0.194399  0.782562  0.622285  -0.017014  -0.008219
0.201639  0.780097  0.625393  -0.016579  -0.007558
0.198168  0.774324  0.632549  -0.015918  -0.007136
0.203039  0.770646  0.637094  -0.013209  -0.006466
0.206868  0.763864  0.645113  -0.016533  -0.008279
0.214723  0.759822  0.649882  -0.016634  -0.006849
0.190315  0.753484  0.657209  -0.017024  -0.006915
0.207239  0.747261  0.664267  -0.016571  -0.008730
0.203552  0.741115  0.671119  -0.015956  -0.009656
0.203764  0.735159  0.677640  -0.016224  -0.009055
0.199489  0.724792  0.688725  -0.016321  -0.008264
0.213351  0.719112  0.694628  -0.016649  -0.009671
0.186529  0.715377  0.698551  -0.013964  -0.008206
0.204437  0.709917  0.704100  -0.013795  -0.008382
0.224568  0.703815  0.710179  -0.014891  -0.008285
0.197287  0.697576  0.716331  -0.014365  -0.007165
0.197654  0.693164  0.720615  -0.014228  -0.005987
0.208790  0.686648  0.726841  -0.013035  -0.006894
0.215641  0.680283  0.732813  -0.013181  -0.005143
0.187175  0.673870  0.738704  -0.013188  -0.006484
0.193792  0.667492  0.744459  -0.013645  -0.006999
0.205674  0.660293  0.750830  -0.014232  -0.008013
0.197822  0.653332  0.756884  -0.014655  -0.008277
0.227705  0.647331  0.762010  -0.014927  -0.008950
0.203235  0.641540  0.766877  -0.015247  -0.009654
0.201547  0.634193  0.773017  -0.013452  -0.007881
0.203283  0.628416  0.777699  -0.014465  -0.008267
0.205106  0.620119  0.784366  -0.012946  -0.007397
0.202732  0.612794  0.790107  -0.012730  -0.007274
0.208125  0.607997  0.793798  -0.013022  -0.007370
0.212367  0.600413  0.799560  -0.011911  -0.008139
0.213501  0.595846  0.802964  -0.011875  -0.008636
0.187779  0.584832  0.811000  -0.013291  -0.008629
0.413946  0.582738  0.812484  -0.011813  -0.012092
0.192086  0.570359  0.821224  -0.012722  -0.010906
0.426379  0.562793  0.826472  -0.010900  -0.009411
0.197808  0.552076  0.833640  -0.011974  -0.010640
0.397336  0.548521  0.835993  -0.010643  -0.011223
0.392649  0.530341  0.847620  -0.010583  -0.012933
0.407112  0.514671  0.857251  -0.010553  -0.011083
0.426361  0.502992  0.864161  -0.008958  -0.012013
0.421002  0.491481  0.870783  -0.007978  -0.010997
0.393870  0.474321  0.880243  -0.007992  -0.011289
0.413131  0.456875  0.889404  -0.008680  -0.012279
0.414141  0.442252  0.896808  -0.007485  -0.009641
0.447144  0.433534  0.901039  -0.006962  -0.011375
0.384648  0.411636  0.911274  -0.006702  -0.009480
0.407121  0.395406  0.918440  -0.005721  -0.009432
0.452759  0.380548  0.924689  -0.004317  -0.010743
0.431204  0.366163  0.930476  -0.004646  -0.010839
0.376587  0.344347  0.938750  -0.004453  -0.012435
0.431325  0.329141  0.944208  -0.003865  -0.011074
0.431843  0.317086  0.948313  -0.003055  -0.012203
0.421661  0.302153  0.953153  -0.004601  -0.013489
0.393766  0.279866  0.959973  -0.003026  -0.010827
0.442519  0.262921  0.964740  -0.002756  -0.011915
0.407535  0.250169  0.968113  -0.001662  -0.013039
0.664581  0.235855  0.971673  -0.002138  -0.014810
0.627743  0.211877  0.977215  -0.000541  -0.012588
0.694098  0.186932  0.982284  -0.001013  -0.013149
0.655893  0.159409  0.987129  -0.001291  -0.012798
0.641359  0.139210  0.990163  -0.000628  -0.014026
0.898231  0.119800  0.992709  0.001330  -0.013250
0.922986  0.088634  0.995992  0.001810  -0.011821
0.907019  0.060082  0.998129  0.001066  -0.011303
1.182914  0.052319  0.998464  0.006286  -0.017127
0.321918  0.011188  0.999800  0.006139  -0.015384
0.344668  0.039771  -0.999165  -0.001577  0.009234
0.403120  0.068684  -0.997608  -0.000298  0.007778
0.411310  0.088242  -0.996056  -0.001171  0.009200
0.429023  0.101930  -0.994750  -0.001335  0.008962
0.443355  0.113862  -0.993458  -0.001726  0.008624
0.424433  0.128566  -0.991670  -0.001803  0.007588
0.400015  0.144854  -0.989413  -0.002068  0.008619
0.650286  0.159371  -0.987176  -0.003427  0.008558
0.663936  0.179026  -0.983785  -0.004320  0.009921
0.712796  0.198207  -0.980096  -0.006406  0.009217
0.611689  0.221438  -0.975126  -0.005221  0.008205
0.675028  0.240238  -0.970656  -0.006106  0.008745
0.642699  0.262370  -0.964919  -0.008306  0.004945
0.959600  0.289587  -0.957109  -0.006966  0.005849
0.879813  0.319118  -0.947641  -0.009481  0.007107
1.215061  0.350621  -0.936401  -0.011495  0.009317
1.244996  0.393198  -0.919323  -0.012655  0.009003
0.529242  0.475956  -0.879306  0.002067  0.016821
0.933766  0.523875  -0.851744  -0.009307  0.000325
0.940552  0.569139  -0.822165  -0.010201  0.004678
1.372799  0.614563  -0.788801  -0.007728  0.006706
1.931699  0.656515  -0.753748  -0.027332  0.010262
