80.684800  -32.606785  165.435467
96.585771  -36.395776  -177.904952
97.344487  -34.923699  -177.092410
98.988873  -31.126154  -171.414040
97.412116  -33.569057  -170.561690
91.659948  -34.086136  -178.836744
83.131406  -35.932107  173.605939
81.549783  -43.309643  168.657599
73.414316  -40.544270  160.474518
108.979050  -39.815740  -163.704869
92.747806  -39.013821  173.778305
93.570761  -39.680013  -178.935380
87.493406  -34.118493  173.792313
90.480235  -34.533439  176.990471
98.433540  -47.800189  -173.446551
91.074405  -45.981407  176.192248
92.753615  -44.096608  175.597378
91.012662  -47.190981  176.180105
96.737019  -42.285690  179.128884
90.480031  -40.562363  -174.999576
94.602705  -41.455823  -169.394877
96.809991  -44.140972  -166.152383
90.631327  -50.754461  -172.692507
94.650838  -52.400537  -176.670257
90.768441  -52.707967  179.793093
96.814498  -49.645461  -168.301074
94.963592  -47.675635  -172.137174
99.398874  -50.341215  -166.473705
99.681475  -48.617170  -167.876259
89.641173  -49.230394  -173.047109
96.550781  -23.610062  -168.831170
89.621027  -35.567403  -179.744853
88.517141  -45.408486  178.650953
88.313398  -46.407271  -179.532134
85.891743  -45.524851  -178.036345
97.542401  -49.945207  -178.242049
97.280627  -54.909269  -165.300189
93.161382  -30.251466  -170.084711
96.170854  -43.856564  -178.213509
86.159821  -54.817034  -178.830799
82.669192  -7.067713  -170.475993
78.116516  -2.643352  -174.209162
62.017519  -0.713253  -158.908991
59.316696  3.031647  -163.548531
61.057819  2.924750  -166.353911
61.282326  11.957959  -165.618188
64.603828  11.858076  -167.853586
62.978730  13.562257  -168.951857
64.499650  12.353438  -169.295910
75.615205  10.109942  -169.303098
65.866806  11.294781  -160.587813
62.919430  12.134068  -162.309882
76.672410  10.666875  -168.711862
73.690515  12.404244  -168.770613
66.530956  17.505045  -171.926903
69.508518  17.029346  -173.372840
73.935625  14.627395  -175.008648
78.132350  11.589450  -179.511696
78.998159  10.675035  -177.717471
83.281566  9.330822  -177.561444
76.907592  12.993892  -169.533826
72.591681  16.682072  -171.208238
76.595246  17.020614  -174.930392
83.251764  10.849186  -172.274569
81.897430  15.725840  -175.658324
91.430629  11.206842  -175.133649
90.003391  12.002178  -175.397211
85.982239  10.525162  -170.011972
89.077787  9.515058  -170.634545
81.761482  10.180571  -172.262330
80.898694  11.068072  -177.341828
86.196404  9.349315  -178.817860
86.849189  7.749301  179.315491
76.023307  11.120698  -177.688387
73.418619  11.121670  -177.703599
73.562955  7.614079  -176.469021
77.391634  9.159136  -175.489183
80.802947  7.925031  -172.598533
88.308687  4.203272  -173.456245
88.378696  4.989837  -175.641616
85.489532  5.745145  -175.651253
88.324326  7.235166  -175.306812
92.682226  12.834171  177.110537
99.528547  24.906808  175.153077
101.653564  25.712905  172.046678
101.261796  26.102169  172.778301
103.577773  26.426385  168.808750
97.516533  28.365162  178.694899
100.659195  28.534791  174.859188
87.200138  25.098947  178.471729
96.557163  26.981774  176.301123
95.330297  23.183042  -179.183380
92.160786  18.974560  -175.288744
96.434630  25.595530  174.184081
99.430882  25.736653  176.935159
98.844386  23.681710  175.188572
100.797999  25.835175  177.424048
98.524055  24.967217  171.461950
