time,distance
1523035580.503068,105.862000
1523035580.515834,105.904000
1523035580.570355,105.944000
1523035580.581622,105.917000
1523035580.638013,105.894000
1523035580.648351,105.912000
1523035580.658867,105.906000
1523035580.715381,105.913000
1523035580.725733,105.878000
1523035580.782391,105.938000
1523035580.792663,105.903000
1523035580.850139,105.889000
1523035580.860303,105.941000
1523035580.870526,105.901000
1523035580.926688,105.917000
1523035580.936845,105.898000
1523035580.994379,105.886000
1523035581.004629,105.915000
1523035581.060929,105.898000
1523035581.071129,105.932000
1523035581.081674,105.887000
1523035581.138820,105.939000
1523035581.148965,105.901000
1523035581.206493,105.889000
1523035581.217065,105.901000
1523035581.232295,105.895000
1523035581.283315,105.908000
1523035581.293543,105.877000
1523035581.350834,105.917000
1523035581.360956,105.914000
1523035581.417377,105.906000
1523035581.429066,105.926000
1523035581.439804,105.878000
1523035581.495103,105.939000
1523035581.505918,105.897000
1523035581.562905,105.907000
1523035581.573128,105.903000
1523035581.629395,105.929000
1523035581.639555,105.906000
1523035581.650321,105.876000
1523035581.707291,105.950000
1523035581.717514,105.877000
1523035581.775012,105.924000
1523035581.786686,105.911000
1523035581.841466,105.878000
1523035581.851747,105.932000
1523035581.862411,105.918000
1523035581.919448,105.904000
1523035581.929702,105.893000
1523035581.985890,105.912000
1523035581.996044,105.890000
1523035582.053641,105.888000
1523035582.063966,105.906000
1523035582.074217,105.895000
1523035582.131324,105.935000
1523035582.141506,105.900000
1523035582.197919,105.887000
1523035582.208184,105.923000
1523035582.218873,105.866000
1523035582.275835,105.926000
1523035582.286597,105.860000
1523035582.343392,105.932000
1523035582.353569,105.903000
1523035582.412146,105.877000
1523035582.435031,105.907000
1523035582.456538,105.863000
1523035582.487739,105.912000
1523035582.499600,105.906000
1523035582.554326,105.905000
1523035582.564573,105.902000
1523035582.622108,105.912000
1523035582.632319,105.902000
1523035582.642546,105.875000
1523035582.699848,105.923000
1523035582.710464,105.901000
1523035582.766434,105.899000
1523035582.776704,105.911000
1523035582.834155,105.888000
1523035582.844444,105.930000
1523035582.854777,105.870000
1523035582.910769,105.917000
1523035582.920927,105.915000
1523035582.978470,105.883000
1523035582.988688,105.913000
1523035582.999281,105.896000
1523035583.056320,105.933000
1523035583.067127,105.880000
1523035583.122822,105.913000
1523035583.132975,105.913000
1523035583.190584,105.891000
1523035583.200792,105.935000
1523035583.211470,105.889000
1523035583.268303,105.927000
1523035583.278442,105.878000
1523035583.334929,105.914000
1523035583.349547,105.923000
1523035583.402625,105.876000
1523035583.412865,105.967000
1523035583.423204,105.885000
1523035583.479876,105.913000
1523035583.490119,105.866000
1523035583.546958,105.920000
1523035583.557131,105.893000
1523035583.614736,105.888000
1523035583.625501,105.928000
1523035583.639920,105.883000
1523035583.691305,105.928000
1523035583.702014,105.913000
1523035583.759382,105.904000
1523035583.770249,105.915000
1523035583.784715,105.902000
1523035583.837377,105.952000
1523035583.847674,105.881000
1523035583.903395,105.905000
1523035583.913605,105.893000
1523035583.971063,105.897000
1523035583.981270,105.938000
1523035583.991876,105.875000
1523035584.047644,105.936000
1523035584.057800,105.889000
1523035584.115369,105.912000
1523035584.125597,105.889000
1523035584.183174,105.902000
1523035584.193337,105.920000
1523035584.204065,105.885000
1523035584.259813,105.915000
1523035584.269973,105.883000
1523035584.327506,105.927000
1523035584.337733,105.907000
1523035584.394070,105.884000
1523035584.404348,105.914000
1523035584.415040,105.867000
1523035584.471834,105.924000
1523035584.482022,105.894000
1523035584.539643,105.903000
1523035584.549791,105.910000
1523035584.560646,105.886000
1523035584.616311,105.922000
1523035584.626837,105.844000
1523035584.683997,105.933000
1523035584.694149,105.898000
1523035584.751647,105.888000
1523035584.761816,105.904000
1523035584.772644,105.914000
1523035584.828542,105.919000
1523035584.838763,105.886000
1523035584.895995,105.909000
1523035584.906153,105.915000
1523035584.962550,105.889000
1523035584.972787,105.921000
1523035584.983378,105.883000
1523035585.040409,105.918000
1523035585.050774,105.876000
1523035585.108098,105.909000
1523035585.118350,105.923000
1523035585.174669,105.876000
1523035585.184826,105.934000
1523035585.195105,105.893000
1523035585.252318,105.923000
1523035585.262526,105.911000
1523035585.320173,105.897000
1523035585.330390,105.897000
1523035585.341075,105.865000
1523035585.396877,105.910000
1523035585.407623,105.855000
1523035585.464504,105.903000
1523035585.474648,105.861000
1523035585.531039,105.847000
1523035585.541271,105.882000
1523035585.551775,105.822000
1523035585.608975,105.870000
1523035585.619625,105.809000
1523035585.676525,105.811000
1523035585.686731,105.797000
1523035585.743237,105.757000
1523035585.753373,105.758000
1523035585.764130,105.752000
1523035585.820989,105.763000
1523035585.831555,105.697000
1523035585.887496,105.696000
1523035585.897660,105.672000
1523035585.955268,105.613000
1523035585.965464,105.635000
1523035585.976274,105.580000
1523035586.033003,105.591000
1523035586.043221,105.534000
1523035586.099591,105.524000
1523035586.109767,105.496000
1523035586.167331,105.444000
1523035586.177606,105.485000
1523035586.188542,105.422000
1523035586.245190,105.434000
1523035586.255339,105.371000
1523035586.311609,105.365000
1523035586.323152,105.332000
1523035586.334142,105.308000
1523035586.389601,105.315000
1523035586.400827,105.259000
1523035586.456025,105.263000
1523035586.466959,105.212000
1523035586.523795,105.233000
1523035586.533979,105.194000
1523035586.546584,105.121000
1523035586.602009,105.165000
1523035586.612878,105.073000
1523035586.668076,105.074000
1523035586.679469,105.073000
1523035586.735862,105.026000
1523035586.746099,105.019000
1523035586.756796,104.977000
1523035586.813740,104.942000
1523035586.823978,104.906000
1523035586.880224,104.932000
1523035586.890406,104.868000
1523035586.947886,104.829000
1523035586.958116,104.815000
1523035586.968437,104.770000
1523035587.024559,104.786000
1523035587.034717,104.733000
1523035587.092198,104.710000
1523035587.102400,104.700000
1523035587.113058,104.614000
1523035587.170233,104.661000
1523035587.180747,104.570000
1523035587.236577,104.604000
1523035587.246735,104.557000
1523035587.304281,104.531000
1523035587.314528,104.513000
1523035587.325205,104.471000
1523035587.381114,104.479000
1523035587.391271,104.399000
1523035587.448657,104.431000
1523035587.459043,104.408000
1523035587.516412,104.379000
1523035587.527174,104.360000
1523035587.538704,104.316000
1523035587.593022,104.319000
1523035587.603278,104.286000
1523035587.660799,104.250000
1523035587.671053,104.228000
1523035587.728469,104.177000
1523035587.738760,104.171000
1523035587.749006,104.128000
1523035587.805042,104.168000
1523035587.815206,104.097000
1523035587.872828,104.076000
1523035587.883013,104.055000
1523035587.893744,103.977000
1523035587.949449,103.995000
1523035587.959914,103.950000
1523035588.017115,103.932000
1523035588.027244,103.917000
1523035588.084830,103.883000
1523035588.095162,103.860000
1523035588.105416,103.803000
1523035588.161419,103.824000
1523035588.171649,103.773000
1523035588.229174,103.753000
1523035588.239398,103.736000
1523035588.297033,103.691000
1523035588.307277,103.673000
1523035588.317520,103.631000
1523035588.373457,103.627000
1523035588.383629,103.568000
1523035588.441343,103.554000
1523035588.451569,103.532000
1523035588.507862,103.530000
1523035588.518039,103.496000
1523035588.528561,103.450000
1523035588.585623,103.434000
1523035588.595759,103.382000
1523035588.653288,103.370000
1523035588.663500,103.361000
1523035588.674017,103.318000
1523035588.730029,103.318000
1523035588.740769,103.236000
1523035588.797661,103.272000
1523035588.807816,103.177000
1523035588.864227,103.180000
1523035588.875798,103.172000
1523035588.886761,103.090000
1523035588.942032,103.131000
1523035588.952780,103.078000
1523035589.009676,103.060000
1523035589.019878,103.013000
1523035589.076344,102.998000
1523035589.086513,102.976000
1523035589.097317,102.911000
1523035589.154073,102.928000
1523035589.164255,102.871000
1523035589.221815,102.872000
1523035589.231985,102.852000
1523035589.288331,102.816000
1523035589.299781,102.818000
1523035589.310655,102.757000
1523035589.366159,102.791000
1523035589.376857,102.725000
1523035589.432729,102.712000
1523035589.442934,102.694000
1523035589.500361,102.651000
1523035589.510599,102.629000
1523035589.521291,102.591000
1523035589.578205,102.607000
1523035589.588342,102.550000
1523035589.644802,102.555000
1523035589.656241,102.537000
1523035589.667230,102.508000
1523035589.722779,102.507000
1523035589.733450,102.465000
1523035589.790215,102.472000
1523035589.800408,102.401000
1523035589.856873,102.425000
1523035589.867136,102.400000
1523035589.877526,102.348000
1523035589.935143,102.361000
1523035589.945343,102.292000
1523035590.001245,102.305000
1523035590.011405,102.259000
1523035590.068910,102.213000
1523035590.079094,102.223000
1523035590.089819,102.147000
1523035590.146606,102.198000
1523035590.156720,102.106000
1523035590.213179,102.102000
1523035590.224701,102.073000
1523035590.280949,102.022000
1523035590.291171,102.042000
1523035590.301841,101.978000
1523035590.357672,101.970000
1523035590.367881,101.915000
1523035590.425344,101.915000
1523035590.435491,101.874000
1523035590.446251,101.842000
1523035590.503219,101.850000
1523035590.514279,101.786000
1523035590.569771,101.792000
1523035590.579894,101.746000
1523035590.637394,101.704000
1523035590.647619,101.680000
1523035590.658281,101.647000
1523035590.715143,101.653000
1523035590.725322,101.603000
1523035590.781734,101.579000
1523035590.791900,101.554000
1523035590.849624,101.502000
1523035590.859764,101.505000
1523035590.870583,101.476000
1523035590.926037,101.449000
1523035590.936164,101.418000
1523035590.993794,101.400000
1523035591.003947,101.391000
1523035591.061579,101.343000
1523035591.071729,101.331000
1523035591.082302,101.252000
1523035591.138152,101.290000
1523035591.148296,101.225000
1523035591.205870,101.200000
1523035591.216014,101.169000
1523035591.226850,101.135000
1523035591.283756,101.142000
1523035591.294346,101.090000
1523035591.350136,101.098000
1523035591.360234,101.073000
1523035591.418004,101.036000
1523035591.428144,101.011000
1523035591.438854,100.986000
1523035591.494493,100.977000
1523035591.504655,100.917000
1523035591.562320,100.916000
1523035591.572457,100.893000
1523035591.630043,100.843000
1523035591.640221,100.862000
1523035591.650856,100.799000
1523035591.706582,100.814000
1523035591.716696,100.750000
1523035591.774391,100.743000
1523035591.784551,100.716000
1523035591.840909,100.658000
1523035591.851086,100.670000
1523035591.861590,100.607000
1523035591.918697,100.611000
1523035591.928905,100.567000
1523035591.986425,100.546000
1523035591.996674,100.519000
1523035592.006912,100.501000
1523035592.063178,100.484000
1523035592.073964,100.438000
1523035592.130721,100.429000
1523035592.140858,100.398000
1523035592.198566,100.386000
1523035592.208718,100.369000
1523035592.219003,100.334000
1523035592.275108,100.320000
1523035592.285379,100.274000
1523035592.342875,100.265000
1523035592.353040,100.230000
1523035592.409381,100.182000
1523035592.419652,100.171000
1523035592.429874,100.101000
1523035592.487178,100.126000
1523035592.497304,100.070000
1523035592.555552,100.074000
1523035592.565622,100.040000
1523035592.624372,99.994000
1523035592.634387,99.992000
1523035592.644627,99.959000
1523035592.704286,99.942000
1523035592.713992,99.915000
1523035592.774469,99.882000
1523035592.784234,99.897000
1523035592.794018,99.827000
1523035592.854187,99.834000
1523035592.863859,99.801000
1523035592.924331,99.767000
1523035592.934039,99.772000
1523035592.944288,99.716000
1523035593.002685,99.704000
1523035593.012342,99.665000
1523035593.072896,99.660000
1523035593.082650,99.648000
1523035593.092443,99.617000
1523035593.152543,99.598000
1523035593.162188,99.579000
1523035593.222788,99.561000
1523035593.232464,99.535000
1523035593.242847,99.521000
1523035593.302397,99.498000
1523035593.312145,99.436000
1523035593.371249,99.430000
1523035593.380988,99.405000
1523035593.390829,99.338000
1523035593.450965,99.375000
1523035593.460626,99.298000
1523035593.521122,99.277000
1523035593.530800,99.265000
1523035593.541194,99.200000
1523035593.600682,99.252000
1523035593.610389,99.147000
1523035593.670848,99.129000
1523035593.680556,99.105000
1523035593.690320,99.076000
1523035593.749333,99.054000
1523035593.759013,99.028000
1523035593.819531,99.010000
1523035593.830132,98.955000
1523035593.841168,98.950000
1523035593.900046,98.949000
1523035593.913255,98.884000
1523035593.969218,98.892000
1523035593.978882,98.833000
1523035593.988764,98.789000
1523035594.049241,98.826000
1523035594.059042,98.769000
1523035594.117900,98.739000
1523035594.127566,98.733000
1523035594.187917,98.707000
1523035594.197643,98.676000
1523035594.207960,98.645000
1523035594.267620,98.654000
1523035594.277342,98.605000
1523035594.337836,98.569000
1523035594.347615,98.576000
1523035594.357424,98.526000
1523035594.417450,98.525000
1523035594.427135,98.501000
1523035594.486371,98.466000
1523035594.496093,98.445000
1523035594.506455,98.402000
1523035594.566084,98.402000
1523035594.575865,98.335000
1523035594.636292,98.295000
1523035594.646075,98.297000
1523035594.655885,98.258000
1523035594.715874,98.247000
1523035594.725558,98.195000
1523035594.786005,98.166000
1523035594.795685,98.158000
1523035594.805578,98.097000
1523035594.864456,98.114000
1523035594.874194,98.076000
1523035594.934618,98.046000
1523035594.944330,98.033000
1523035594.954640,97.969000
1523035595.014164,97.967000
1523035595.023932,97.902000
1523035595.084410,97.893000
1523035595.094198,97.875000
1523035595.104020,97.854000
1523035595.164131,97.848000
1523035595.173823,97.785000
1523035595.232939,97.759000
1523035595.242633,97.724000
1523035595.252538,97.713000
1523035595.312809,97.698000
1523035595.322459,97.674000
1523035595.382806,97.660000
1523035595.392468,97.639000
1523035595.402833,97.606000
1523035595.462418,97.601000
1523035595.472175,97.560000
1523035595.532588,97.547000
1523035595.542301,97.526000
1523035595.552132,97.485000
1523035595.611032,97.480000
1523035595.620693,97.437000
1523035595.681201,97.413000
1523035595.690868,97.368000
1523035595.701259,97.346000
1523035595.760967,97.349000
1523035595.771212,97.265000
1523035595.831043,97.281000
1523035595.840915,97.275000
1523035595.850766,97.205000
1523035595.910934,97.217000
1523035595.920633,97.161000
1523035595.979559,97.138000
1523035595.989304,97.093000
1523035596.049657,97.073000
1523035596.059364,97.080000
1523035596.069669,97.038000
1523035596.129342,97.033000
1523035596.139091,97.002000
1523035596.199605,96.964000
1523035596.209384,96.945000
1523035596.219217,96.900000
1523035596.279226,96.896000
1523035596.288885,96.859000
1523035596.348062,96.820000
1523035596.357767,96.791000
1523035596.368151,96.747000
1523035596.427762,96.736000
1523035596.437428,96.709000
1523035596.497940,96.684000
1523035596.507745,96.656000
1523035596.517418,96.634000
1523035596.577569,96.610000
1523035596.587212,96.585000
1523035596.647700,96.561000
1523035596.657372,96.546000
1523035596.667346,96.524000
1523035596.726147,96.510000
1523035596.735865,96.475000
1523035596.796355,96.445000
1523035596.806610,96.422000
1523035596.817612,96.374000
1523035596.876167,96.389000
1523035596.885851,96.363000
1523035596.946133,96.276000
1523035596.955800,96.286000
1523035596.966243,96.241000
1523035597.025769,96.251000
1523035597.035446,96.174000
1523035597.094828,96.176000
1523035597.104561,96.161000
1523035597.114267,96.136000
1523035597.174353,96.107000
1523035597.184054,96.075000
1523035597.244543,96.048000
1523035597.254175,96.024000
1523035597.264591,95.986000
1523035597.324135,95.990000
1523035597.333906,95.914000
1523035597.394282,95.889000
1523035597.404044,95.864000
1523035597.413874,95.789000
1523035597.472699,95.790000
1523035597.482345,95.765000
1523035597.542933,95.750000
1523035597.553149,95.712000
1523035597.564162,95.668000
1523035597.622797,95.660000
1523035597.632632,95.632000
1523035597.692730,95.621000
1523035597.702466,95.586000
1523035597.712314,95.569000
1523035597.773036,95.551000
1523035597.782952,95.500000
1523035597.841598,95.487000
1523035597.851866,95.470000
1523035597.911425,95.418000
1523035597.921372,95.420000
1523035597.935077,95.331000
1523035597.991052,95.366000
1523035598.000771,95.323000
1523035598.061196,95.274000
1523035598.070987,95.276000
1523035598.080797,95.239000
1523035598.140977,95.226000
1523035598.150656,95.203000
1523035598.209768,95.143000
1523035598.219432,95.147000
1523035598.229613,95.107000
1523035598.289378,95.083000
1523035598.299206,95.059000
1523035598.359662,95.039000
1523035598.369407,95.035000
1523035598.379231,94.964000
1523035598.439286,94.977000
1523035598.449507,94.954000
1523035598.509431,94.888000
1523035598.519629,94.884000
1523035598.532961,94.836000
1523035598.587778,94.817000
1523035598.597468,94.798000
1523035598.658087,94.762000
1523035598.667834,94.751000
1523035598.677666,94.716000
1523035598.738261,94.701000
1523035598.748123,94.671000
1523035598.807855,94.654000
1523035598.817552,94.632000
1523035598.828074,94.590000
1523035598.887460,94.598000
1523035598.897172,94.559000
1523035598.956422,94.559000
1523035598.966173,94.525000
1523035598.976018,94.469000
1523035599.036106,94.467000
1523035599.045800,94.445000
1523035599.106243,94.404000
1523035599.115924,94.371000
1523035599.126309,94.334000
1523035599.185831,94.329000
1523035599.195585,94.290000
1523035599.256013,94.272000
1523035599.265805,94.240000
1523035599.275639,94.203000
1523035599.334380,94.198000
1523035599.344081,94.164000
1523035599.404733,94.134000
1523035599.414387,94.106000
1523035599.424814,94.053000
1523035599.484403,94.075000
1523035599.494165,94.029000
1523035599.554331,94.014000
1523035599.564101,93.963000
1523035599.573941,93.927000
1523035599.634234,93.920000
1523035599.644011,93.859000
1523035599.702958,93.860000
1523035599.712646,93.835000
1523035599.773053,93.813000
1523035599.782880,93.777000
1523035599.792702,93.766000
1523035599.852794,93.743000
1523035599.862432,93.739000
1523035599.922910,93.704000
1523035599.932590,93.681000
1523035599.942802,93.636000
1523035600.002611,93.632000
1523035600.012344,93.586000
1523035600.071539,93.551000
1523035600.081316,93.558000
1523035600.091179,93.481000
1523035600.151249,93.504000
1523035600.160922,93.434000
1523035600.221350,93.403000
1523035600.231047,93.387000
1523035600.243115,93.343000
1523035600.300987,93.336000
1523035600.310726,93.307000
1523035600.371153,93.272000
1523035600.381381,93.258000
1523035600.392356,93.215000
1523035600.449702,93.201000
1523035600.459381,93.191000
1523035600.519832,93.123000
1523035600.529518,93.129000
1523035600.539888,93.096000
1523035600.599362,93.063000
1523035600.609113,93.015000
1523035600.669445,92.983000
1523035600.679216,92.964000
1523035600.689080,92.931000
1523035600.749310,92.936000
1523035600.759003,92.890000
1523035600.818128,92.863000
1523035600.837166,92.837000
1523035600.847979,92.805000
1523035600.897701,92.796000
1523035600.907400,92.760000
1523035600.967861,92.759000
1523035600.977593,92.749000
1523035600.987404,92.697000
1523035601.047620,92.705000
1523035601.057293,92.661000
1523035601.117753,92.637000
1523035601.127977,92.617000
1523035601.139015,92.572000
1523035601.196159,92.581000
1523035601.205854,92.517000
1523035601.266309,92.485000
1523035601.275983,92.455000
1523035601.286399,92.400000
1523035601.346283,92.421000
1523035601.359995,92.345000
1523035601.416114,92.353000
1523035601.425958,92.326000
1523035601.435832,92.271000
1523035601.496428,92.257000
1523035601.506333,92.226000
1523035601.564677,92.216000
1523035601.584471,92.177000
1523035601.634732,92.149000
1523035601.644550,92.134000
1523035601.654787,92.093000
1523035601.714422,92.082000
1523035601.724205,92.027000
1523035601.784596,92.032000
1523035601.794338,92.003000
1523035601.804115,91.932000
1523035601.864347,91.968000
1523035601.874044,91.922000
1523035601.933207,91.876000
1523035601.942930,91.865000
1523035601.955061,91.831000
1523035602.012886,91.814000
1523035602.022601,91.773000
1523035602.083043,91.739000
1523035602.092829,91.731000
1523035602.102658,91.712000
1523035602.162766,91.686000
1523035602.172428,91.661000
1523035602.232785,91.634000
1523035602.242425,91.623000
1523035602.252752,91.588000
1523035602.311158,91.578000
1523035602.320865,91.531000
1523035602.381437,91.497000
1523035602.391678,91.498000
1523035602.402710,91.445000
1523035602.461196,91.466000
1523035602.470874,91.414000
1523035602.531252,91.397000
1523035602.541451,91.376000
1523035602.551567,91.358000
1523035602.610941,91.352000
1523035602.620623,91.345000
1523035602.679824,91.309000
1523035602.689502,91.337000
1523035602.699399,91.315000
1523035602.759506,91.327000
1523035602.769177,91.318000
1523035602.829634,91.305000
1523035602.839733,91.318000
1523035602.849984,91.332000
1523035602.909123,91.395000
1523035602.918869,91.328000
1523035602.979362,91.320000
1523035602.989147,91.322000
